# This file may be used to create an environment using:
# $ conda create --name <env> --file <this file>
# platform: win-64
abseil-cpp=20200225.1=he025d50_2
appdirs=1.4.3=py_1
arrow-cpp=0.16.0=py37h5e0360d_2
atoti-plus=0.3.0.20200403103345=a0e06ee
atoti-plus-bundle=0.3.0.20200403103345=a0e06ee
attrs=19.3.0=py_0
aws-sdk-cpp=1.7.164=vc14h867dc94_1
backcall=0.1.0=py_0
black=19.10b0=py37_0
bleach=3.1.4=pyh9f0ad1d_0
boost-cpp=1.72.0=h0caebb8_0
brotli=1.0.7=he025d50_1001
bzip2=1.0.8=hfa6e2cd_2
c-ares=1.15.0=h2fa13f4_1001
ca-certificates=2019.11.28=hecc5488_0
certifi=2019.11.28=py37hc8dfbb8_1
cffi=1.14.0=py37ha419a9e_0
chardet=3.0.4=py37hc8dfbb8_1006
click=7.1.1=pyh8c360ce_0
colorama=0.4.3=py_0
cryptography=2.8=py37hb32ad35_1
curl=7.68.0=h4496350_0
decorator=4.4.2=py_0
defusedxml=0.6.0=py_0
entrypoints=0.3=py37hc8dfbb8_1001
gflags=2.2.2=he025d50_1002
glog=0.4.0=he025d50_1
grpc-cpp=1.28.0=hfeb25ac_0
idna=2.9=py_1
importlib-metadata=1.6.0=py37hc8dfbb8_0
importlib_metadata=1.6.0=0
intel-openmp=2020.0=166
ipykernel=5.2.0=py37h5ca1d4c_1
ipython=7.13.0=py37hc8dfbb8_2
ipython_genutils=0.2.0=py_1
jedi=0.16.0=py37hc8dfbb8_1
jinja2=2.11.1=py_0
json5=0.9.0=py_0
jsonschema=3.2.0=py37hc8dfbb8_1
jupyter_client=6.1.2=py_0
jupyter_core=4.6.3=py37hc8dfbb8_1
jupyterlab=2.0.1=py_0
jupyterlab-atoti=0.3.0.20200403103345=a0e06ee
jupyterlab_server=1.1.0=py_0
krb5=1.16.4=hdd46e55_0
libblas=3.8.0=15_mkl
libcblas=3.8.0=15_mkl
libcurl=7.68.0=h4496350_0
liblapack=3.8.0=15_mkl
libprotobuf=3.11.4=h1a1b453_0
libsodium=1.0.17=h2fa13f4_0
libssh2=1.8.2=h642c060_2
lz4-c=1.8.3=he025d50_1001
m2w64-gcc-libgfortran=5.3.0=6
m2w64-gcc-libs=5.3.0=7
m2w64-gcc-libs-core=5.3.0=7
m2w64-gmp=6.1.0=2
m2w64-libwinpthread-git=5.0.0.4634.697f757=2
markupsafe=1.1.1=py37h8055547_1
mistune=0.8.4=py37hfa6e2cd_1000
mkl=2020.0=166
msys2-conda-epoch=20160418=1
mypy_extensions=0.4.3=py37hc8dfbb8_1
nbconvert=5.6.1=py37_0
nbformat=5.0.4=py_0
nodejs=13.10.1=0
notebook=6.0.3=py37_0
numpy=1.18.1=py37h90d3380_1
openjdk=11.0.1=1018
openssl=1.1.1f=hfa6e2cd_0
pandas=1.0.3=py37h9b59f54_0
pandoc=2.9.2=0
pandocfilters=1.4.2=py_1
parquet-cpp=1.5.1=2
parso=0.6.2=py_0
pathspec=0.7.0=py_0
pickleshare=0.7.5=py37hc8dfbb8_1001
pip=20.0.2=py_2
prometheus_client=0.7.1=py_0
prompt-toolkit=3.0.5=py_0
pyarrow=0.16.0=py37h8702343_2
pycparser=2.20=py_0
pygments=2.6.1=py_0
pyopenssl=19.1.0=py_1
pyrsistent=0.16.0=py37h8055547_0
pysocks=1.7.1=py37hc8dfbb8_1
python=3.7.6=h60c2a47_5_cpython
python-dateutil=2.8.1=py_0
python-wget=3.2=py_0
python_abi=3.7=1_cp37m
pytz=2019.3=py_0
pywin32=227=py37hfa6e2cd_0
pywinpty=0.5.7=py37_0
pyyaml=5.3.1=py37h8055547_0
pyzmq=19.0.0=py37h8c16cda_1
re2=2020.04.01=vc14h6538335_0
regex=2020.2.20=py37h8055547_1
requests=2.23.0=pyh8c360ce_2
send2trash=1.5.0=py_0
setuptools=46.1.3=py37hc8dfbb8_0
six=1.14.0=py_1
snappy=1.1.8=he025d50_1
sqlite=3.30.1=hfa6e2cd_0
terminado=0.8.3=py37hc8dfbb8_1
testpath=0.4.4=py_0
thrift-cpp=0.13.0=h1907cbf_2
tk=8.6.10=hfa6e2cd_0
toml=0.10.0=py_0
tornado=6.0.4=py37hfa6e2cd_0
traitlets=4.3.3=py37hc8dfbb8_1
typed-ast=1.4.1=py37hfa6e2cd_0
typing_extensions=3.7.4.1=py37hc8dfbb8_3
urllib3=1.25.7=py37hc8dfbb8_1
vc=14.1=h869be7e_1
vs2013_runtime=12.0.21005=1
vs2015_runtime=14.16.27012=h30e32a0_1
wcwidth=0.1.9=pyh9f0ad1d_0
webencodings=0.5.1=py_1
wheel=0.34.2=py_1
win_inet_pton=1.1.0=py37_0
wincertstore=0.2=py37_1003
winpty=0.4.3=4
xz=5.2.4=h2fa13f4_1002
yaml=0.2.2=hfa6e2cd_1
zeromq=4.3.2=h6538335_2
zipp=3.1.0=py_0
zlib=1.2.11=h2fa13f4_1006
zstd=1.4.4=hd8a0e53_2
